.Random.seed <-
c(403L, 10L, 1882414310L, 1176069249L, -1096928237L, -571923518L, 
-211469196L, 1470190199L, 837233517L, 821627908L, 954459946L, 
-1981041515L, -1337187537L, -635710922L, -1882003872L, -996969309L, 
-944758847L, 597375920L, -1628348722L, -644162503L, -888847797L, 
-1182091270L, -1102900484L, -1145268417L, 47699989L, 1693526828L, 
-2000674814L, 1151445725L, -1759137321L, -641942338L, -458664200L, 
70690011L, -1295214791L, 1897366152L, -500423114L, -545491343L, 
959628451L, 596659698L, 385326404L, -1157128697L, 278535133L, 
-1012681516L, 12864506L, -1388242107L, -1911398497L, -1241033434L, 
1042242992L, -343394733L, -1664822927L, 1985058976L, 326510654L, 
423829321L, -89438725L, -1358689846L, 708994860L, -1452099793L, 
-178137627L, 1771468956L, 51588338L, 400680301L, 1686332071L, 
911379662L, 553509416L, 1877660203L, -1266780087L, 438692184L, 
447492102L, -659594783L, 1810320243L, 808927202L, 1583716180L, 
-1827874217L, 210246221L, 1306648036L, 1580791754L, -850535883L, 
-1015177073L, -387464810L, -1257398976L, -324153341L, -1579970015L, 
1760097552L, -1202603282L, 959301273L, 1072375595L, 1635869210L, 
-854449956L, 471735519L, 172026549L, -724263860L, -1901592414L, 
779214845L, 1710398711L, -1222727138L, 1772938456L, 2056501307L, 
1095328217L, -1051248792L, -1311819114L, 1427571729L, 653047235L, 
683743698L, -1846800284L, -24686681L, -766181123L, 1872458996L, 
-1896082470L, -2060302555L, -959721921L, 420492742L, -462319024L, 
-1747358093L, -595139951L, 2081430208L, -570999650L, -1708887959L, 
-2009731941L, 829760938L, 1879328204L, -2131646321L, -1158911803L, 
-1090672516L, -2132155182L, 338033741L, -1060442873L, -1434447634L, 
2130854344L, -2141288757L, -1521854679L, 1353965432L, -2068839258L, 
1692092097L, 655277907L, -1151403006L, -993867468L, 547799735L, 
-546677075L, -154775612L, -1434765334L, -1150396331L, 1592575471L, 
1921265142L, -1028990176L, -1308035869L, 571797889L, 1123289072L, 
-420567410L, 365677049L, -65535093L, 1832374202L, 883154620L, 
-1775503873L, 1362916181L, 1194148972L, 1759420610L, -384941283L, 
-1933534825L, -1938939650L, 279483064L, 777899163L, 1101798137L, 
1901841480L, 119353206L, 224148145L, -931669277L, 1377032626L, 
-1528002044L, 1405346119L, -1694479331L, -126451052L, 2017585722L, 
1167074437L, 1172707679L, 1746885094L, 937666672L, -1852458093L, 
2034215985L, -1715461408L, 209662846L, 1160702473L, -771120581L, 
-210740214L, 1704575980L, 813885551L, 2056357797L, -1612705956L, 
-1674292430L, 1682233901L, -2095752985L, -1053804018L, 1998366696L, 
-2139014677L, -364860791L, -2088533480L, -1930679994L, 2043217825L, 
-237729229L, 220506018L, -801856876L, 1423702295L, 1915479821L, 
2027839012L, -25573878L, 2032238453L, -72135985L, -543978026L, 
1661993344L, -1982408253L, 243371873L, -144460336L, 2108138798L, 
629085401L, -1815253269L, 1696598874L, 1737846044L, -113595361L, 
688918645L, -1085567732L, -586456862L, 2136975805L, 515878455L, 
1969652958L, -1086668776L, -586219653L, 1797021465L, -1975721048L, 
464720726L, -520254511L, 1282957187L, 1045438668L, -1875682308L, 
-788205134L, 1148976624L, -1319149628L, -316137128L, 942323066L, 
-1053524048L, 207001020L, 1314350164L, -1354946622L, 1824430112L, 
-251303748L, 1310807632L, -1873817630L, -1088554904L, -1090412468L, 
1777861884L, -1298368526L, 1033989376L, -1247382156L, 919201800L, 
518067130L, -702650928L, -1508773908L, -1473671788L, -1603847726L, 
696263008L, -1229206708L, -1784645344L, -1388292222L, -2111445272L, 
-2138722068L, 858003516L, 311488370L, -1568715152L, 2146728996L, 
165836600L, 1142670490L, 959865552L, 719603900L, 1801094804L, 
-2036265342L, 215779520L, 1678556988L, 1954087056L, -612858334L, 
-154334200L, 914681100L, -1126769508L, -2124652014L, 265712512L, 
290534932L, 716564008L, -576090822L, -1655720496L, 1386651756L, 
-1110772428L, 129467026L, -1347090592L, 1106591564L, -1302773792L, 
-1633260638L, -1730626648L, 1480472972L, 1129346236L, 1927209330L, 
-1544576784L, 882155588L, 268471640L, 1896587834L, -5853328L, 
1614748732L, 722213652L, -639298110L, 858023648L, -1854762116L, 
1310069456L, -1134893918L, -1451505624L, -788702964L, -574389316L, 
2105546034L, -336416320L, -842452428L, -413317176L, 936219834L, 
2048891280L, -1035689492L, -1987752364L, 987942034L, 714906400L, 
1154421196L, -1039512096L, 126918338L, 369041448L, -939004244L, 
-2134028100L, 939652594L, -509194960L, -310217564L, 63673016L, 
-532010662L, -1758785136L, -1218101380L, 262789396L, -739836094L, 
-232227072L, -864779332L, 288721744L, -1531588830L, -317192888L, 
-1120115188L, 1915629660L, -1632323374L, -1017338368L, 1554835796L, 
1502934504L, -532786182L, 91208912L, -196417236L, -244623628L, 
-316000878L, 1932173408L, 51225868L, 1430917856L, -1609247390L, 
-1842591064L, -313920948L, -129143428L, 1313231154L, 1404345456L, 
-2094685372L, -2037802536L, -1698009990L, 964320816L, -1853558084L, 
1816824660L, 1620049986L, -1909618272L, -1506068804L, 881358288L, 
1049726306L, -2132590616L, -1139503156L, -1150412036L, -1143108110L, 
-69778304L, 2001453300L, 127050376L, 2011095866L, -1424507056L, 
467300972L, 1547401364L, -730668718L, 1521952480L, 391134924L, 
-1744666464L, 1604159362L, -1201264920L, 231497452L, -1438498756L, 
-491819406L, -832594832L, -1994079708L, -673173448L, -1437427686L, 
694228688L, 36068412L, -1547074412L, 662005890L, -274690112L, 
670173500L, 1812336272L, 1282656290L, 865896456L, 1973058700L, 
-846982116L, -1177927022L, 882151552L, 1738318868L, -451313368L, 
1419508282L, 1653478608L, -1811301268L, -749592908L, -1383831534L, 
42807264L, 1964436428L, 1841907168L, -983565790L, 2036102440L, 
-451449588L, -1003043268L, -302245646L, -1164032272L, -733454524L, 
-1558608296L, 1722346042L, -1073574160L, -1048233796L, -183174636L, 
-389120830L, 731171936L, 895495548L, 130463952L, 1574071330L, 
831612584L, 194997132L, -521529924L, -842718158L, -1084141760L, 
2147083444L, 1002299208L, 1267077818L, 1968242448L, -680459028L, 
-646722476L, 1513533202L, -74973280L, -1375075380L, 97835872L, 
284148930L, 1877786152L, 814775724L, 2131340092L, 935122802L, 
-2028046866L, -935145348L, 1787720941L, 805774231L, 367508576L, 
-1060913602L, -1123100917L, -1468895859L, -82274630L, 399439096L, 
717750945L, 31023699L, 912506228L, 276951810L, 488436631L, -16566943L, 
1343600038L, 1198622628L, 1756717653L, 561017599L, 2126206872L, 
321902774L, -1117450941L, -474248059L, 856913186L, -93217264L, 
73850297L, 133848683L, 2437468L, -766146422L, 2058010751L, -1944227383L, 
60011102L, 1597368588L, -279589667L, -554497561L, -982371824L, 
1925050158L, -1555524645L, 952919229L, -1105504726L, 438520520L, 
99414001L, 747118947L, -1492643484L, 1672598674L, 1357375847L, 
-815895759L, -787689354L, -1658943084L, 378645925L, 349284015L, 
-401498264L, 907588422L, 1563476723L, -1078174635L, -2112040910L, 
-1515794944L, -1772208407L, -104137381L, -1500057684L, -1572342854L, 
1120595311L, -2033711367L, -345817202L, 1956272732L, -1946240819L, 
-569186249L, -456101184L, 629433758L, -335190421L, -33309203L, 
-58110886L, 1089534744L, 805412993L, 499226163L, 609594452L, 
1380665442L, 1784479479L, -1635135167L, 946096070L, -1739096828L, 
-478153547L, -361458785L, 1044831224L, -1582918186L, -1649021853L, 
1231067173L, 1781768130L, -1512278864L, -1514159911L, 1129092683L, 
-2072802116L, -1421626646L, -1884908769L, 1848105897L, 1007201598L, 
-1429531604L, -602312067L, -1849840441L, 1716435376L, 2085356494L, 
1781195003L, -981981347L, 861258890L, 44503720L, 1241775633L, 
-204493053L, 1229490692L, 742371890L, 1657180807L, -2082543919L, 
374919254L, 292925492L, 831460165L, -1715166833L, -1911879416L, 
191451942L, 72608723L, 1362922805L, 1598999698L, -60799904L, 
541188553L, 924588283L, -2050382132L, 443128666L, 1311891023L, 
-1406067943L, 2014324014L, -545300676L, -1229874003L, 595627863L, 
1274954400L, -1810232322L, 1937713867L, 493497549L, 561229818L, 
1657865272L, -773921311L, -1509175661L, 541334708L, 1425212866L, 
-1878878761L, -1753286111L, 389523942L, -2115387164L, 2082594837L, 
